92,5
92,4
92,3
92,2
92,1
92,0
91,6
91,5
91,4
91,3
91,2
91,1
91,0
90,5
90,4
90,3
90,2
90,1
90,0
89,4
89,3
89,2
89,1
89,0
88,4
88,3
88,2
88,1
88,0
87,3
87,2
87,1
87,0
86,7
86,6
0,530
86,5
86,4
86,3
86,2
86,1
86,0
0,529
85,4
85,3
85,2
85,1
85,0
0,528
0,527
84,4
84,3
84,2
84,1
84,0
77,35
0,526
83,5
83,4
83,3
83,2
83,1
83,0
82,6
82,5
82,4
82,3
82,2
82,1
82,0
81,5
81,4
81,3
81,2
81,1
81,0
80,4
80,3
80,2
80,1
80,0
79,4
79,3
79,2
79,1
79,0
78,3
78,2
78,1
78,0
0,525
0,524
0,523
0,278
0,522
0,521
0,472
76,7
76,6
3,2
3,1
3,3
10,6
10,185
10,213
10,253
10,138
10,31
10,240
10,103
11,17
11,5
11,7
8,14
2,2
76,5
76,4
76,3
76,2
76,1
76,0
75,4
75,3
75,2
75,1
75,0
73,3
73,2
73,1
73,0
20,3
20,2
